35 0.10166666666666667 0.52 0.14 0.043333333333333335
35 0.2975 0.5208333333333334 0.145 0.035
35 0.4875 0.5191666666666667 0.14166666666666666 0.03166666666666667
35 0.685 0.52 0.14333333333333334 0.03
35 0.8766666666666667 0.5183333333333333 0.13666666666666666 0.03333333333333333
35 0.11 0.8116666666666666 0.15666666666666668 0.16333333333333333
35 0.30833333333333335 0.8133333333333334 0.15333333333333332 0.16
35 0.49916666666666665 0.8116666666666666 0.15833333333333333 0.16333333333333333
35 0.6941666666666667 0.8158333333333333 0.15833333333333333 0.16833333333333333
35 0.8883333333333333 0.8166666666666667 0.16 0.16
