37 0.495 0.13 0.3 0.07666666666666666
35 0.4975 0.20916666666666667 0.3516666666666667 0.06166666666666667
35 0.7891666666666667 0.41833333333333333 0.19166666666666668 0.08333333333333333
35 0.78 0.7133333333333334 0.17 0.07666666666666666
35 0.18583333333333332 0.44166666666666665 0.16166666666666665 0.07333333333333333
35 0.21166666666666667 0.7158333333333333 0.17 0.06833333333333333
35 0.18583333333333332 0.36833333333333335 0.16166666666666665 0.03333333333333333
35 0.785 0.3475 0.16666666666666666 0.03166666666666667
35 0.7816666666666666 0.6441666666666667 0.15666666666666668 0.03166666666666667
35 0.20916666666666667 0.645 0.165 0.02666666666666667
