35 0.6608333333333334 0.1075 0.15166666666666667 0.10833333333333334
35 0.8241666666666667 0.2425 0.17166666666666666 0.11166666666666666
35 0.8758333333333334 0.3983333333333333 0.17166666666666666 0.11333333333333333
35 0.8716666666666667 0.5891666666666666 0.18333333333333332 0.12833333333333333
35 0.7775 0.7966666666666666 0.18833333333333332 0.12666666666666668
37 0.22083333333333333 0.425 0.215 0.056666666666666664
35 0.21416666666666667 0.5291666666666667 0.24833333333333332 0.11833333333333333
35 0.5025 0.14583333333333334 0.09833333333333333 0.051666666666666666
35 0.6483333333333333 0.2825 0.10666666666666667 0.058333333333333334
35 0.6883333333333334 0.44083333333333335 0.10666666666666667 0.051666666666666666
35 0.6741666666666667 0.6316666666666667 0.12166666666666667 0.06
35 0.5683333333333334 0.8433333333333334 0.12 0.056666666666666664
1 0.5041666666666667 0.135 0.015 0.03333333333333333
2 0.6541666666666667 0.2725 0.021666666666666667 0.025
3 0.6966666666666667 0.43 0.02 0.02666666666666667
4 0.6791666666666667 0.62 0.018333333333333333 0.03
5 0.5733333333333334 0.8291666666666667 0.02 0.03166666666666667
