37 0.5016666666666667 0.10666666666666667 0.38 0.13
20 0.30333333333333334 0.2866666666666667 0.07 0.07
21 0.2975 0.4525 0.06166666666666667 0.07166666666666667
22 0.2966666666666667 0.6166666666666667 0.056666666666666664 0.07666666666666666
35 0.5108333333333334 0.2841666666666667 0.31833333333333336 0.08166666666666667
35 0.5116666666666667 0.455 0.31666666666666665 0.08
35 0.5091666666666667 0.6183333333333333 0.315 0.08
36 0.7191666666666666 0.2825 0.058333333333333334 0.06166666666666667
36 0.7175 0.4558333333333333 0.055 0.055
36 0.7133333333333334 0.6133333333333333 0.06666666666666667 0.05
37 0.4925 0.775 0.25833333333333336 0.07666666666666666
29 0.5041666666666667 0.8008333333333333 0.7116666666666667 0.225
