11 0.0975 0.24 0.07166666666666667 0.07333333333333333
12 0.10083333333333333 0.42583333333333334 0.075 0.08166666666666667
13 0.0975 0.6083333333333333 0.07833333333333334 0.07333333333333333
14 0.09916666666666667 0.7908333333333334 0.075 0.07166666666666667
35 0.49833333333333335 0.2875 0.3233333333333333 0.10166666666666667
35 0.5816666666666667 0.44583333333333336 0.3333333333333333 0.10833333333333334
35 0.4708333333333333 0.5975 0.3283333333333333 0.10166666666666667
35 0.5541666666666667 0.755 0.33166666666666667 0.10666666666666667
37 0.7141666666666666 0.08166666666666667 0.5183333333333333 0.10333333333333333
36 0.7425 0.2833333333333333 0.08166666666666667 0.08666666666666667
36 0.8325 0.44166666666666665 0.11833333333333333 0.09
36 0.7158333333333333 0.595 0.08833333333333333 0.09333333333333334
36 0.8016666666666666 0.7508333333333334 0.08666666666666667 0.08833333333333333
