37 0.31333333333333335 0.33416666666666667 0.2966666666666667 0.205
36 0.7025 0.24166666666666667 0.09166666666666666 0.10666666666666667
36 0.8075 0.3933333333333333 0.095 0.08666666666666667
36 0.7975 0.615 0.095 0.09
36 0.6166666666666667 0.7741666666666667 0.14666666666666667 0.09166666666666666
36 0.3725 0.7675 0.07833333333333334 0.075
36 0.2425 0.6091666666666666 0.075 0.075
35 0.18083333333333335 0.5475 0.10833333333333334 0.041666666666666664
35 0.5983333333333334 0.21666666666666667 0.12 0.10333333333333333
35 0.8216666666666667 0.46416666666666667 0.11 0.045
35 0.7966666666666666 0.6916666666666667 0.11666666666666667 0.05
35 0.6008333333333333 0.845 0.12166666666666667 0.056666666666666664
35 0.3858333333333333 0.8283333333333334 0.11166666666666666 0.04666666666666667
35 0.25083333333333335 0.6716666666666666 0.11833333333333333 0.04666666666666667
1 0.7933333333333333 0.30416666666666664 0.05 0.04833333333333333
2 0.8641666666666666 0.5575 0.045 0.04833333333333333
3 0.7141666666666666 0.8033333333333333 0.04833333333333333 0.04666666666666667
4 0.4708333333333333 0.8633333333333333 0.055 0.056666666666666664
5 0.24083333333333334 0.7316666666666667 0.04833333333333333 0.04666666666666667
35 0.5683333333333334 0.5316666666666666 0.15 0.07333333333333333
