20 0.22083333333333333 0.15833333333333333 0.055 0.056666666666666664
21 0.81 0.37083333333333335 0.043333333333333335 0.051666666666666666
22 0.22 0.5866666666666667 0.04666666666666667 0.05333333333333334
23 0.8108333333333333 0.8016666666666666 0.041666666666666664 0.05333333333333334
11 0.3308333333333333 0.0975 0.055 0.041666666666666664
12 0.6966666666666667 0.31583333333333335 0.06 0.041666666666666664
13 0.3325 0.5316666666666666 0.058333333333333334 0.043333333333333335
14 0.6991666666666667 0.7483333333333333 0.058333333333333334 0.04666666666666667
35 0.4816666666666667 0.08833333333333333 0.18 0.03
35 0.5366666666666666 0.16333333333333333 0.31333333333333335 0.07666666666666666
35 0.48583333333333334 0.385 0.31833333333333336 0.07666666666666666
35 0.5383333333333333 0.5941666666666666 0.32 0.07833333333333334
35 0.4875 0.815 0.315 0.07333333333333333
36 0.765 0.165 0.09 0.07666666666666666
36 0.25166666666666665 0.3775 0.09333333333333334 0.07833333333333334
36 0.7716666666666666 0.5975 0.09666666666666666 0.09166666666666666
36 0.26166666666666666 0.8066666666666666 0.08333333333333333 0.08666666666666667
35 0.5508333333333333 0.30333333333333334 0.18166666666666667 0.03666666666666667
35 0.4816666666666667 0.52 0.19 0.03333333333333333
35 0.5483333333333333 0.7383333333333333 0.18333333333333332 0.03
