36 0.625 0.16083333333333333 0.16333333333333333 0.20833333333333334
36 0.38416666666666666 0.36666666666666664 0.13833333333333334 0.21333333333333335
36 0.6308333333333334 0.5916666666666667 0.17166666666666666 0.2
36 0.3725 0.78 0.23833333333333334 0.22666666666666666
37 0.21333333333333335 0.12666666666666668 0.35333333333333333 0.13666666666666666
35 0.20833333333333334 0.26 0.33 0.08333333333333333
35 0.84 0.18166666666666667 0.15333333333333332 0.12333333333333334
35 0.15 0.4058333333333333 0.15 0.12166666666666667
35 0.7233333333333334 0.4041666666666667 0.25 0.08166666666666667
35 0.8341666666666666 0.5716666666666667 0.14833333333333334 0.12666666666666668
35 0.29333333333333333 0.605 0.25 0.06666666666666667
35 0.7208333333333333 0.825 0.38166666666666665 0.17666666666666667
35 0.15833333333333333 0.8025 0.14333333333333334 0.12166666666666667
