37 0.5 0.11166666666666666 0.43 0.12
35 0.23666666666666666 0.2675 0.21 0.095
35 0.7583333333333333 0.38 0.21333333333333335 0.09666666666666666
35 0.23583333333333334 0.49166666666666664 0.21166666666666667 0.1
35 0.76 0.6066666666666667 0.20666666666666667 0.09333333333333334
35 0.23833333333333334 0.7175 0.21333333333333335 0.09833333333333333
35 0.76 0.8266666666666667 0.20666666666666667 0.09666666666666666
36 0.4633333333333333 0.275 0.08666666666666667 0.08666666666666667
36 0.535 0.38416666666666666 0.09 0.07833333333333334
36 0.465 0.4975 0.08 0.06833333333333333
36 0.5383333333333333 0.61 0.08333333333333333 0.08
36 0.4633333333333333 0.7191666666666666 0.08333333333333333 0.07833333333333334
36 0.5341666666666667 0.8358333333333333 0.07166666666666667 0.08166666666666667
